35.1408320
136.9332429
35.1834919
136.9238266
35.1824041
136.9317404
35.1793142
136.9219254
35.1499720
136.9223823
35.1593396
136.9396356
35.1579161
136.9657755
35.1496142
136.9335809
35.1426841
136.9560290
35.1386098
136.9619257
35.1578380
136.9659218
35.1503711
136.9173506
35.1414385
136.9448262
35.1483392
136.9512213
35.1517197
136.9493656
35.1411092
136.9382892
35.1385269
136.9382658
35.1592985
136.9352315
35.1910458
136.9438419
35.1396202
136.9928819
35.1397299
136.9929940
35.1321909
136.9916447
35.1381133
136.9949005
35.1380387
136.9948191
35.1713421
136.9375672
35.1889655
137.0126597
35.1775510
137.0122015
35.1914822
136.9411398
35.1909512
136.9435928
35.1879141
136.9584385
35.1322152
136.9777615
35.1273360
136.9859984
35.1593731
136.9382148
35.1316980
136.9785903
35.1591607
136.9328385
35.1621580
136.9307230
35.1705593
136.9314127
35.1591703
136.9352106
35.1687888
136.9384750
35.1701224
136.9358928
35.1711940
136.9375192
35.1685401
136.9395398
35.1488079
136.9477042
35.1821981
136.9338495
35.1816550
136.9386343
35.1814612
136.9406808
35.1819508
136.9445012
35.1825647
136.9503387
35.1830020
136.9547768
35.1833679
136.9602679
35.1836238
136.9620524
35.1856805
136.9656776
35.1862238
136.9730283
35.1907650
136.9871056
35.1915318
136.9910594
35.1917062
136.9982826
35.1917344
136.9985137
35.1315871
136.9822175
35.1374767
136.9853547
35.1396996
136.9883883
35.1409368
136.9893534
35.1342410
136.9833599
35.1752470
137.0029645
35.1752672
137.0034715
35.1846313
137.0015312
35.1559910
136.9279353
35.1500452
136.9113370
35.1501870
136.9152562
35.1486606
136.9175411
35.1502257
136.9171413
35.1502155
136.9173659
35.1498262
136.9223872
35.1704650
136.9314100
35.1700030
136.9358609
35.1691719
136.9369466
35.1690596
136.9369175
35.1605666
136.9763844
35.1623131
136.9847314
35.1669712
136.9919027
35.1682529
136.9958663
35.1423870
136.9500377
35.1432958
136.9528507
35.1443346
136.9539973
35.1367786
136.9642287
35.1402178
136.9670538
35.1459597
136.9612101
35.1466463
136.9646750
35.1658834
136.9574478
35.1638359
136.9635380
35.1660118
136.9574679
35.1639387
136.9636444
35.1819178
136.9360037
35.1903026
136.9468341
35.1665195
136.9478359
35.1666540
136.9478747
35.1671000
136.9453657
35.1662404
136.9506017
35.1663205
136.9506265
35.1680798
136.9455298
35.1679764
136.9455473
35.1672145
136.9453901
35.1664159
136.9557426
35.1665277
136.9558024
35.1603176
136.9737984
35.1668619
136.9919690
35.1872255
136.9614945
35.1869422
136.9627173
35.1742454
136.9895880
35.1690171
137.0002470
35.1795477
136.9845231
35.1876769
136.9780706
35.1810658
136.9974681
35.1880228
137.0042617
35.1888756
137.0083985
35.1877148
137.0174538
35.1865470
137.0229468
35.1682785
136.9367960
35.1703145
136.9422761
35.1713582
136.9422992
35.1718713
136.9441518
35.1408187
136.9892591
35.1634441
136.9359560
35.1363877
136.9635575
35.1279238
136.9690628
35.1579919
136.9392706
35.1184205
136.9507043
35.1219491
136.9476967
35.1237299
136.9491616
35.1779324
136.9299098
35.1774134
136.9324923
35.1789005
136.9253949
35.1829044
136.9271983
35.1760947
136.9390560
35.1227892
136.9406347
35.1219275
136.9477999
35.1220000
136.9477635
35.1245835
136.9355194
35.1237733
136.9490968
35.1255955
136.9464841
35.1387035
136.9449834
35.1387125
136.9448850
35.1324477
136.9386169
35.1315076
136.9453442
35.1315332
136.9452351
35.1686678
136.9385022
35.1684531
136.9395411
35.1680613
136.9416785
35.1679456
136.9416806
35.1614209
136.9827888
35.1598782
136.9858202
35.1620991
136.9845400
35.1622180
136.9844703
35.1627442
136.9858200
35.1626375
136.9859332
35.1582435
136.9902058
35.1608623
136.9898823
35.1596665
136.9917190
35.1606223
136.9917133
35.1569529
136.9970232
35.1604800
136.9961162
35.1599969
136.9976415
35.1590288
137.0014198
35.1594157
136.9994463
35.1525918
136.9970461
35.1444418
136.9547765
35.1459921
136.9520433
35.1395721
136.9603246
35.1481565
136.9585742
35.1250738
136.9340898
35.1684275
136.9437283
35.1351327
136.9302616
35.1352677
136.9338982
35.1500464
136.9198282
35.1495197
136.9297939
35.1372592
136.9352600
35.1386949
136.9435303
35.1409670
136.9357508
35.1412376
136.9407616
35.1413781
136.9433221
35.1433922
136.9455851
35.1444713
136.9460036
35.1491638
136.9451403
35.1514120
136.9498675
35.1202061
136.9490129
35.1548541
136.9232329
35.1554756
136.9310618
35.1496468
136.9297888
35.1408410
136.9333799
35.1591675
136.9353512
35.1593152
136.9353810
35.1634194
136.9360910
35.1671016
136.9365991
35.1670432
136.9367224
35.1676568
136.9366882
35.1676355
136.9368176
35.1682420
136.9369251
35.1690253
136.9370760
35.1691330
136.9370933
35.1712490
136.9377059
35.1760548
136.9391712
35.1816071
136.9408576
35.1909238
136.9437203
35.1245448
136.9356429
35.1352723
136.9340184
35.1911048
136.9437130
35.1818452
136.9367407
35.1684372
136.9705805
35.1736827
136.9686611
35.1756288
136.9666222
35.1777839
136.9669146
35.1816355
136.9623595
35.1793391
136.9778654
35.1496548
136.9249069
35.1497906
136.9248154
35.1675105
136.9435288
35.1676295
136.9435287
35.1690171
136.9419290
35.1689083
136.9418985
35.1733576
136.9423246
35.1736041
136.9485090
35.1750688
136.9488817
35.1775987
136.9396454
35.1776182
136.9516470
35.1775881
136.9529090
35.1775590
136.9541338
35.1775421
136.9554008
35.1775092
136.9560419
35.1828940
136.9535214
35.1794670
136.9559265
35.1592098
136.9383368
35.1591781
136.9395898
35.1577920
136.9658315
35.1760537
137.0060853
35.1688928
137.0002817
35.1886298
136.9552195
35.1597232
136.9587749
35.1605918
136.9723674
35.1680808
136.9690993
35.1774843
136.9703887
35.1618202
136.9689883
35.1792903
136.9740378
35.1613755
136.9702555
35.1610062
136.9712652
35.1637851
136.9636684
35.1628692
136.9661476
35.1614934
136.9703058
35.1664301
136.9669162
35.1553937
136.9433794
35.1564831
136.9416421
35.1630035
136.9661920
35.1488862
136.9477542
35.1492284
136.9451586
35.1815961
136.9407087
35.1820513
136.9360188
35.1825076
136.9317878
35.1817890
136.9386474
35.1823077
136.9338870
35.1537717
136.9459625
35.1664385
136.9525382
35.1491847
136.9541283
35.1665778
136.9525800
35.1183348
136.9507351
35.1322865
136.9946113
35.1345966
136.9699927
35.1254643
136.9701768
35.1607167
136.9724278
35.1663592
136.9518038
35.1274002
136.9860403
35.1336687
136.9945460
35.1335735
136.9914344
35.1551964
136.9948590
35.1581793
137.0027601
35.1576393
136.9929278
35.1558374
136.9965301
35.1645439
136.9614469
35.1650883
136.9598554
35.1611080
136.9713418
35.1619400
136.9690778
35.1259438
136.9700057
35.1313001
136.9665052
35.1598583
136.9587935
35.1414354
136.9447318
35.1433873
136.9454826
35.1444670
136.9459051
35.1488197
136.9476214
35.1501805
136.9198169
35.1517735
136.9492709
35.1527763
136.9475822
35.1267620
136.9460612
35.1363263
136.9670066
35.1406235
136.9586879
35.1452526
136.9610880
35.1727065
136.9380022
35.1727317
136.9381467
35.1753355
136.9521953
35.1685270
136.9437403
35.1773906
137.0146788
35.1775198
137.0100221
35.1918362
136.9984509
35.1642072
136.9957854
35.1606445
136.9930023
35.1622986
136.9985072
35.1715531
136.9922602
35.1681501
136.9959354
35.1664183
136.9959328
35.1730797
136.9910922
35.1685117
136.9972662
35.1696547
136.9933968
35.1620023
136.9874060
35.1766636
136.9876792
35.1770831
136.9654011
35.1721888
136.9570548
35.1764186
136.9704860
35.1801989
136.9712118
35.1744962
136.9668328
35.1793246
136.9777171
35.1806578
136.9691942
35.1722452
136.9545493
35.1813008
136.9669410
35.1889079
137.0103387
35.1918175
136.9982170
35.1818222
137.0016222
35.1752972
137.0041415
35.1860393
136.9708299
35.1364490
136.9635397
35.1368076
136.9641834
35.1528411
136.9658042
35.1535933
136.9659796
35.1545065
136.9666221
35.1554167
136.9666324
35.1562097
136.9703148
35.1567748
136.9663238
35.1855651
136.9542364
35.1900472
136.9555650
35.1870734
136.9769568
35.1884925
136.9795798
35.1916745
136.9968480
35.1919037
136.9866834
35.1628811
136.9860221
35.1655207
136.9897445
35.1653332
136.9897670
35.1855519
136.9543182
35.1373897
136.9371797
35.1665142
136.9518980
35.1646362
136.9615072
35.1900240
136.9556763
35.1484200
136.9511929
35.1488978
136.9476655
35.1496139
136.9337214
35.1659138
136.9573527
35.1500499
136.9114978
35.1627917
136.9858914
35.1626833
136.9860097
35.1620029
136.9875566
35.1609112
136.9899185
35.1606860
136.9917168
35.1607200
136.9929973
35.1605402
136.9961288
35.1600630
136.9976656
35.1594879
136.9994666
35.1823543
136.9483461
35.1914507
136.9910991
35.1835000
136.9620323
35.1829210
136.9548241
35.1870699
136.9771560
35.1827691
136.9534764
35.1876565
136.9781986
35.1861428
136.9730610
35.1832612
136.9602596
35.1884613
136.9797598
35.1814586
136.9408434
35.1906715
136.9871293
35.1824357
136.9503263
35.1855821
136.9657995
35.1859557
136.9708366
35.1660569
136.9573509
35.1652117
136.9598642
35.1721954
136.9569636
35.1596844
136.9917185
35.1576388
136.9938234
35.1614950
136.9826296
35.1365529
136.9844904
35.1818544
136.9445190
35.1822391
136.9483690
35.1829277
136.9549113
35.1830082
136.9548604
35.1604499
136.9737912
35.1604561
136.9763919
35.1857946
136.9684469
35.1869962
136.9770180
35.1871480
136.9770989
35.1917662
136.9968454
35.1822916
136.9339912
35.1821894
136.9339567
35.1773937
136.9326116
35.1484043
136.9968463
35.1409174
136.9333787
35.1410431
136.9357435
35.1414544
136.9433183
35.1415254
136.9447295
35.1415301
136.9448265
35.1411855
136.9382850
35.1413137
136.9407542
35.1401984
136.9669082
35.1300235
136.9815076
35.1299528
136.9814739
35.1396749
136.9884961
35.1408156
136.9893395
35.1409307
136.9894219
35.1357434
136.9695171
35.1460171
136.9521083
35.1443678
136.9540931
35.1426968
136.9561197
35.1406750
136.9587544
35.1396322
136.9603704
35.1750670
136.9619126
35.1374460
136.9854376
35.1365049
136.9845799
35.1342213
136.9834338
35.1386577
136.9619566
35.1368633
136.9642459
35.1368366
136.9642902
35.1364347
136.9670454
35.1322922
136.9778015
35.1318093
136.9786146
35.1357003
136.9696564
35.1819798
136.9367585
35.1882410
136.9569682
35.1683939
136.9973063
35.1346207
136.9700804
35.1735341
136.9499095
